3 0.276346 0.688696 0.392004 0.351062
3 0.123449 0.936780 0.131752 0.121701
3 0.236495 0.431250 0.084582 0.070212
3 0.473975 0.453192 0.052050 0.061436
3 0.695189 0.480984 0.065063 0.070212
3 0.763505 0.425399 0.107354 0.081914
3 0.924198 0.388830 0.148970 0.073138
3 0.577262 0.574601 0.131752 0.128723
3 0.623619 0.758908 0.123619 0.152127
3 0.670790 0.930051 0.058557 0.108244
3 0.774891 0.878854 0.107354 0.157978
3 0.938024 0.858376 0.121318 0.204786
3 0.799289 0.707712 0.149645 0.119946
3 0.860286 0.593617 0.200068 0.143350