3 0.181713 0.812256 0.300926 0.245757
3 0.760417 0.800691 0.162037 0.170584
3 0.801890 0.643117 0.190972 0.138780
3 0.798032 0.514456 0.156250 0.106977
3 0.644676 0.394469 0.185185 0.127215
3 0.405478 0.501446 0.327932 0.318039
3 0.650463 0.271590 0.100309 0.072281
3 0.555941 0.187744 0.111883 0.072281
3 0.399691 0.166060 0.127315 0.069390
3 0.445023 0.090887 0.094522 0.046260
3 0.585841 0.085104 0.167824 0.080955
3 0.730517 0.151603 0.067515 0.046260
3 0.357253 0.038844 0.108025 0.052043
3 0.281057 0.114017 0.059799 0.040478