3 0.046306 0.571694 0.092611 0.097841
3 0.043143 0.663630 0.086285 0.099528
3 0.026695 0.781714 0.053391 0.096154
3 0.034286 0.942569 0.068573 0.114221
3 0.214069 0.890520 0.212551 0.178812
3 0.450025 0.926544 0.236589 0.146272
3 0.701164 0.892805 0.093623 0.213748
3 0.846660 0.919796 0.118927 0.159767
3 0.504428 0.693995 0.175860 0.133266
3 0.687247 0.710864 0.083502 0.092780
3 0.727733 0.613023 0.141700 0.096154
3 0.545547 0.553981 0.204960 0.116397
3 0.310855 0.458671 0.294787 0.114710
3 0.387399 0.536269 0.065789 0.050607
3 0.472166 0.340587 0.098684 0.067476
3 0.513284 0.383603 0.051872 0.038799
3 0.567687 0.441802 0.105010 0.067476
3 0.719509 0.465418 0.089828 0.064103
3 0.579706 0.372638 0.065789 0.067476
3 0.582237 0.305162 0.121457 0.050607
3 0.690410 0.184548 0.454200 0.163630