3 0.575000 0.602222 0.155000 0.153333
3 0.206250 0.670000 0.180000 0.244444
3 0.206250 0.388889 0.112500 0.068889
3 0.527500 0.377778 0.092500 0.068889
3 0.410000 0.362222 0.067500 0.051111
3 0.428125 0.413333 0.091250 0.060000
3 0.949375 0.472222 0.091250 0.097778
3 0.636960 0.344993 0.048611 0.037037
3 0.688657 0.382030 0.062500 0.042524
3 0.861111 0.378601 0.067901 0.035665
3 0.822531 0.417695 0.060185 0.050754
3 0.897377 0.334705 0.044753 0.035665
3 0.104399 0.389510 0.038408 0.033520
3 0.419324 0.272109 0.058036 0.035147