3 0.741111 0.974003 0.104444 0.050570
3 0.355556 0.871953 0.148889 0.156695
3 0.431111 0.977960 0.113333 0.042656
3 0.514444 0.703387 0.224444 0.136119
3 0.421667 0.587053 0.072222 0.077556
3 0.265000 0.617917 0.214444 0.123457
3 0.285000 0.512662 0.038889 0.030073
3 0.180556 0.511871 0.076667 0.053814
3 0.077778 0.477841 0.093333 0.052232
3 0.237778 0.402659 0.046667 0.025324
3 0.300556 0.397119 0.047778 0.023742
3 0.245556 0.446977 0.068889 0.034821
3 0.362222 0.450934 0.142222 0.064894
3 0.732778 0.499209 0.112222 0.066477
3 0.789444 0.461222 0.045556 0.037987
3 0.968083 0.519785 0.062833 0.044318
3 0.703333 0.422444 0.066667 0.030073
3 0.754435 0.360422 0.063710 0.029869
3 0.666532 0.392588 0.045968 0.027571
3 0.655645 0.365017 0.022581 0.013785
3 0.505645 0.486789 0.037097 0.029869
3 0.526210 0.296090 0.060484 0.062035
3 0.354032 0.338595 0.040323 0.025273
3 0.385081 0.302982 0.034677 0.018381
3 0.377823 0.259903 0.047581 0.028720
3 0.396371 0.278858 0.025000 0.016083
3 0.181855 0.273114 0.058871 0.018381
3 0.172984 0.331702 0.039516 0.016083
3 0.172984 0.359273 0.044355 0.029869
3 0.200403 0.301833 0.073387 0.027571
3 0.252016 0.325958 0.068548 0.025273
3 0.448790 0.304705 0.042742 0.019529
3 0.304839 0.259903 0.032258 0.019529