3 0.112360 0.791925 0.064607 0.094508
3 0.326545 0.960658 0.189607 0.074945
3 0.022472 0.387640 0.044944 0.050404
3 0.117978 0.326735 0.056180 0.037803
3 0.137640 0.256379 0.050562 0.023102
3 0.181882 0.640712 0.063202 0.060905
3 0.311096 0.599758 0.113764 0.075606
3 0.374298 0.713168 0.102528 0.088207
3 0.212781 0.503150 0.063202 0.050404
3 0.345506 0.498950 0.126404 0.058805
3 0.415028 0.436995 0.074438 0.060905
3 0.612360 0.676415 0.176966 0.107109
3 0.611657 0.870682 0.139045 0.113410
3 0.896770 0.826578 0.049157 0.037803
3 0.874298 0.708968 0.150281 0.088207
3 0.799860 0.628111 0.113764 0.081907
3 0.893961 0.584007 0.071629 0.060905
3 0.930478 0.529402 0.082865 0.065106
3 0.854635 0.462197 0.105337 0.048304
3 0.812500 0.320435 0.366573 0.088207
3 0.838483 0.407592 0.115169 0.056705
3 0.694522 0.444345 0.116573 0.050404
3 0.787921 0.517852 0.095506 0.071406
3 0.653090 0.546204 0.132022 0.081907
3 0.573736 0.449596 0.169944 0.094508
3 0.521067 0.335136 0.143258 0.067206
3 0.396067 0.331986 0.078652 0.035703
3 0.279494 0.337236 0.056180 0.025202
3 0.339888 0.368739 0.058989 0.050404
3 0.253511 0.262680 0.071629 0.035703
3 0.334972 0.277381 0.085674 0.065106
3 0.471208 0.260580 0.096910 0.065106
3 0.297051 0.208075 0.077247 0.035703