3 0.114362 0.550080 0.101950 0.070112
3 0.093676 0.652244 0.103428 0.062099
3 0.058658 0.812500 0.117317 0.206330
3 0.253989 0.509014 0.081265 0.076122
3 0.238475 0.691306 0.047281 0.064103
3 0.262485 0.842548 0.135195 0.094151
3 0.476359 0.930829 0.212766 0.134495
3 0.415041 0.787460 0.181738 0.092147
3 0.347074 0.714343 0.053191 0.034054
3 0.379950 0.597155 0.082004 0.048077
3 0.352615 0.513021 0.084959 0.032051
3 0.345597 0.383814 0.033983 0.034054
3 0.431664 0.392829 0.022902 0.024038
3 0.490027 0.386819 0.031767 0.024038
3 0.437943 0.471955 0.039894 0.034054
3 0.491135 0.478966 0.060579 0.036058
3 0.656989 0.426883 0.055408 0.032051
3 0.586436 0.539062 0.053191 0.028045
3 0.645907 0.507011 0.040632 0.028045
3 0.532875 0.699319 0.098257 0.060096
3 0.596410 0.839543 0.170656 0.076122
3 0.763002 0.882612 0.131501 0.110176
3 0.740470 0.762420 0.058363 0.054087
3 0.727541 0.660256 0.057624 0.042067
3 0.626330 0.582131 0.047281 0.026042
3 0.677674 0.615184 0.077571 0.040064
3 0.849069 0.647236 0.034722 0.028045