3 0.066683 0.628340 0.066187 0.061533
3 0.323572 0.610752 0.033102 0.045498
3 0.383085 0.635297 0.060570 0.063458
3 0.422174 0.519756 0.052823 0.050287
3 0.378155 0.427562 0.088742 0.071839
3 0.442247 0.295857 0.076065 0.026341
3 0.516903 0.314416 0.032398 0.020354
3 0.490844 0.420977 0.061979 0.068247
3 0.508804 0.529334 0.086629 0.076628
3 0.579939 0.630508 0.033102 0.025144
3 0.512677 0.640685 0.019721 0.035920
3 0.652130 0.719109 0.061979 0.070642
3 0.706009 0.590996 0.047188 0.065852
3 0.801090 0.689775 0.021833 0.038314
3 0.681006 0.415589 0.022538 0.033525
3 0.746859 0.434148 0.024651 0.039511
3 0.801795 0.468271 0.038737 0.043103
3 0.699318 0.278496 0.080291 0.046695
3 0.781018 0.347941 0.056344 0.037117
3 0.847222 0.362907 0.049301 0.035920
3 0.911934 0.544899 0.174499 0.258621