3 0.215643 0.655702 0.097953 0.076754
3 0.732456 0.677632 0.152047 0.111842
3 0.704762 0.508929 0.100000 0.044643
3 0.529167 0.430357 0.105952 0.073214
3 0.466667 0.516071 0.161905 0.112500
3 0.320238 0.326786 0.066667 0.037500
3 0.099405 0.376786 0.072619 0.041071
3 0.434696 0.250000 0.037660 0.022837
3 0.384615 0.183293 0.041667 0.021635
3 0.334135 0.221755 0.051282 0.028846
3 0.143830 0.278846 0.050481 0.025240
3 0.139022 0.231370 0.028045 0.016827
3 0.088141 0.257212 0.054487 0.027644
3 0.043670 0.236178 0.045673 0.016827
3 0.039263 0.201322 0.038462 0.019231
3 0.168269 0.171274 0.044872 0.019231