3 0.376312 0.835502 0.141755 0.224518
3 0.446494 0.967285 0.145925 0.059459
3 0.766139 0.966010 0.107011 0.062010
3 0.977107 0.364779 0.042534 0.073989
3 0.759934 0.332878 0.121379 0.088291
3 0.816615 0.275068 0.053819 0.044145
3 0.716993 0.218310 0.095042 0.086189
3 0.773675 0.143683 0.077866 0.050452
3 0.392935 0.030166 0.058399 0.050452
3 0.390072 0.070107 0.027482 0.021022
3 0.363735 0.120559 0.048093 0.037839
3 0.229761 0.070107 0.146570 0.109313
3 0.241784 0.202544 0.046948 0.042043
3 0.308199 0.201493 0.044658 0.039941
3 0.250945 0.257200 0.062980 0.042043
3 0.287015 0.347593 0.050384 0.046248
3 0.380911 0.284528 0.162602 0.105108
3 0.180522 0.349695 0.091607 0.075678
3 0.081473 0.315009 0.104202 0.086189
3 0.270984 0.487387 0.208405 0.166071
3 0.435875 0.435884 0.089316 0.100904
3 0.529772 0.613517 0.231307 0.212319
3 0.679205 0.149989 0.030917 0.025226
3 0.177087 0.153143 0.043513 0.044145